tick,mnist,conv1,pool1,conv2,pool2,ip1,relu1,ip2,loss
0,0,5235.86,0,58960,0,745888,0,11802.1,0
20,0,4728.4,0,53189.5,0,672914,0,10643.8,0
40,0,4095.01,0,46007.2,0,582064,0,9206.66,0
60,0,3515.16,0,39421.9,0,498696,0,7891.61,0
80,0,3035.66,0,33986.1,0,429833,0,6809.81,0
100,0,2655.61,0,29665.3,0,375034,0,5951.82,0
120,0,2329.39,0,25957.8,0,328020,0,5217.79,0
140,0,2046.42,0,22756.3,0,287390,0,4584.04,0
160,0,1809.17,0,20073.5,0,253375,0,4053.39,0
180,0,1604.93,0,17767.9,0,224114,0,3597.61,0
200,0,1451.12,0,16034.7,0,202124,0,3254.96,0
220,0,1297.8,0,14317,0,180346,0,2914.28,0
240,0,1167.49,0,12856.6,0,161838,0,2623.13,0
260,0,1050.92,0,11551,0,145312,0,2362.59,0
280,0,945.971,0,10384.8,0,130565,0,2128.83,0
300,0,853.725,0,9360.05,0,117612,0,1922.87,0
320,0,773.018,0,8462.46,0,106281,0,1741.84,0
340,0,702.158,0,7680.12,0,96413.6,0,1583.74,0
360,0,639.567,0,6986.21,0,87666.4,0,1443.01,0
380,0,585.775,0,6392.33,0,80181.8,0,1322.22,0
400,0,532.14,0,5802.6,0,72763.6,0,1201.75,0
420,0,486.383,0,5299.41,0,66432.5,0,1099.09,0
440,0,444.553,0,4839.39,0,60654.9,0,1004.67,0
460,0,407.599,0,4434.05,0,55564.1,0,921.449,0
480,0,372.765,0,4053.05,0,50778.2,0,842.947,0
500,0,344.296,0,3741.5,0,46865.7,0,778.921,0
520,0,316.263,0,3435.13,0,43022.5,0,715.658,0
540,0,289.729,0,3144.93,0,39384.5,0,655.571,0
560,0,265.331,0,2878.72,0,36044.4,0,600.449,0
580,0,246.382,0,2671.75,0,33448.2,0,557.555,0
600,0,225.639,0,2445.85,0,30617,0,510.699,0
620,0,208.44,0,2258.12,0,28264,0,471.71,0
640,0,191.861,0,2077.97,0,26007.2,0,434.302,0
660,0,176.769,0,1913.76,0,23949.6,0,400.195,0
680,0,164.365,0,1778.95,0,22261.9,0,372.168,0
700,0,152.527,0,1650.63,0,20653.8,0,345.492,0
720,0,140.264,0,1517.34,0,18983.1,0,317.752,0
740,0,126.816,0,1399.18,0,17502.9,0,293.141,0
760,0,119.586,0,1292.93,0,16171.2,0,271.011,0
780,0,110.996,0,1199.69,0,15003.5,0,251.609,0
800,0,102.644,0,1108.98,0,13867,0,232.696,0
820,0,95.2188,0,1028.73,0,12860.9,0,215.967,0
840,0,87.7912,0,928.8,0,11855.4,0,199.222,0
860,0,81.6158,0,881.349,0,11014.9,0,185.257,0
880,0,75.4317,0,814.566,0,10178.2,0,171.348,0
900,0,69.5279,0,750.738,0,9378.44,0,158.07,0
920,0,64.6274,0,697.671,0,8713.5,0,147.05,0
940,0,60.1785,0,649.37,0,8107.74,0,137.024,0
960,0,55.855,0,602.712,0,7523.26,0,127.315,0
980,0,51.8768,0,559.767,0,6985.25,0,118.4,0
1000,0,48.1624,0,519.677,0,6482.54,0,110.081,0
1020,0,44.5739,0,480.896,0,5996.66,0,102.033,0
1040,0,41.3735,0,446.374,0,5564.06,0,94.8704,0
1060,0,38.5049,0,415.35,0,5175.47,0,88.4191,0
1080,0,35.709,0,385.185,0,4797.5,0,82.1853,0
1100,0,33.2239,0,358.336,0,4461.22,0,76.6375,0
1120,0,30.8821,0,333.117,0,4144.76,0,71.4305,0
1140,0,28.7566,0,310.121,0,3856.31,0,66.7168,0
1160,0,26.7799,0,288.843,0,3589.39,0,62.3569,0
1180,0,24.8656,0,268.268,0,3331.1,0,58.1274,0
1200,0,23.106,0,249.281,0,3092.85,0,54.2572,0
1220,0,21.5591,0,232.61,0,2883.66,0,50.874,0
1240,0,20.014,0,216.008,0,2675.15,0,47.5243,0
1260,0,18.6679,0,201.556,0,2493.55,0,44.6121,0
1280,0,17.3325,0,187.239,0,2313.7,0,41.7278,0
1300,0,16.1042,0,174.012,0,2147.49,0,39.0864,0
1320,0,14.9869,0,162.1,0,1996.88,0,36.7388,0
1340,0,14.0199,0,151.752,0,1866.69,0,34.6882,0
1360,0,12.9763,0,140.579,0,1725.89,0,32.4815,0
1380,0,12.0856,0,131.105,0,1606.4,0,30.6148,0
1400,0,11.2521,0,122.257,0,1494.39,0,28.878,0
1420,0,10.5299,0,114.603,0,1397.45,0,27.4291,0
1440,0,9.86766,0,107.629,0,1308.71,0,26.1622,0
1460,0,9.26135,0,101.284,0,1227.38,0,25.0679,0
1480,0,8.59225,0,94.2132,0,1137.78,0,23.7562,0
1500,0,8.01113,0,88.1545,0,1060.17,0,22.7055,0
1520,0,7.48683,0,82.6677,0,990.045,0,21.7449,0
1540,0,6.98145,0,77.4054,0,922.417,0,20.8568,0
1560,0,6.53961,0,72.8518,0,863.369,0,20.1453,0
1580,0,6.09232,0,68.2359,0,803.895,0,19.3649,0
1600,0,5.69308,0,64.1626,0,750.928,0,18.7167,0
1620,0,5.32008,0,60.3926,0,701.596,0,18.16,0
1640,0,4.97872,0,56.8936,0,656.334,0,17.6535,0
1660,0,4.64518,0,53.5126,0,612.084,0,17.0736,0
1680,0,4.39156,0,51.0353,0,578.593,0,16.7925,0
1700,0,4.08291,0,47.9555,0,538.473,0,16.3168,0
1720,0,3.81365,0,45.2844,0,502.551,0,15.9091,0
1740,0,3.59812,0,43.2478,0,474.544,0,15.6755,0
1760,0,3.37479,0,41.0766,0,445.67,0,15.3525,0
1780,0,3.16526,0,39.049,0,417.733,0,15.0253,0
1800,0,2.97809,0,37.2614,0,393.267,0,14.8058,0
1820,0,2.80502,0,35.6667,0,371.044,0,14.6874,0
1840,0,2.6386,0,33.8162,0,350.318,0,14.6139,0
1860,0,2.48484,0,32.6897,0,330.192,0,14.4539,0
1880,0,2.34591,0,31.4241,0,312.084,0,14.3189,0
1900,0,2.22663,0,30.4494,0,296.782,0,14.2906,0
1920,0,2.11013,0,29.3908,0,281.881,0,14.0974,0
1940,0,2.00762,0,28.4785,0,268.159,0,13.993,0
1960,0,1.91808,0,27.7477,0,256.206,0,14.0206,0
1980,0,1.8146,0,26.8475,0,243.763,0,13.9765,0
2000,0,1.74124,0,26.2431,0,233.822,0,14.041,0
2020,0,1.66881,0,25.7743,0,225.615,0,14.211,0
2040,0,1.58609,0,24.9902,0,215.391,0,14.0818,0
2060,0,1.5352,0,24.5911,0,207.616,0,14.1409,0
2080,0,1.45356,0,24.226,0,201.034,0,14.224,0
2100,0,1.42158,0,23.7545,0,194.366,0,14.3456,0
2120,0,1.37069,0,23.3897,0,189.134,0,14.4594,0
2140,0,1.30413,0,23.0701,0,183.966,0,14.5245,0
2160,0,1.28981,0,22.7806,0,179.046,0,14.61,0
2180,0,1.25646,0,22.5333,0,174.999,0,14.7791,0
2200,0,1.19,0,22.0366,0,170.609,0,14.8368,0
2220,0,1.15961,0,21.9078,0,168.165,0,15.1186,0
2240,0,1.12244,0,21.6189,0,164.753,0,15.1573,0
2260,0,1.1078,0,21.485,0,162.173,0,15.2005,0
2280,0,1.08639,0,21.3202,0,159.224,0,15.0875,0
2300,0,1.06243,0,21.2026,0,157.389,0,15.0509,0
2320,0,1.07545,0,21.2706,0,156.513,0,15.1247,0
2340,0,1.05686,0,21.1556,0,155.626,0,15.25,0
2360,0,1.02016,0,20.9306,0,154.459,0,15.3605,0
2380,0,1.02516,0,20.9448,0,154.333,0,15.5033,0
2400,0,0.992053,0,20.6567,0,152.768,0,15.5342,0
2420,0,1.00551,0,20.7783,0,153.514,0,15.8481,0
2440,0,0.965134,0,20.579,0,153.74,0,16.0899,0
2460,0,1.00186,0,20.7292,0,154.596,0,16.3445,0
2480,0,1.03427,0,20.9162,0,156.106,0,16.6189,0
2500,0,1.06454,0,21.0647,0,157.292,0,16.8742,0
2520,0,1.01634,0,20.7779,0,156.437,0,16.8709,0
2540,0,1.01859,0,20.7593,0,157.068,0,17.046,0
2560,0,1.09151,0,21.2162,0,159.459,0,17.3853,0
2580,0,1.05658,0,21.027,0,159.813,0,17.4763,0
2600,0,1.02768,0,20.9338,0,161.522,0,17.7215,0
2620,0,1.03749,0,20.9654,0,161.645,0,17.6748,0
2640,0,1.04811,0,20.9729,0,161.725,0,17.5757,0
2660,0,1.05881,0,21.0059,0,161.759,0,17.4937,0
2680,0,1.09324,0,21.1544,0,162.743,0,17.5075,0
2700,0,1.10079,0,21.2689,0,164.77,0,17.6909,0
2720,0,1.13147,0,21.4951,0,168.289,0,18.0427,0
2740,0,1.10814,0,21.36,0,169.1,0,18.1041,0
2760,0,1.13024,0,21.4569,0,171.575,0,18.3827,0
2780,0,1.15143,0,21.6603,0,175.694,0,18.7861,0
2800,0,1.17653,0,21.8711,0,178.869,0,19.0481,0
2820,0,1.23098,0,22.0787,0,181.258,0,19.2658,0
2840,0,1.18272,0,21.804,0,181.609,0,19.3859,0
2860,0,1.21376,0,21.9382,0,183.749,0,19.6633,0
2880,0,1.27051,0,22.2649,0,186.469,0,19.9532,0
2900,0,1.2534,0,22.1772,0,188.306,0,20.1973,0
2920,0,1.24328,0,22.1634,0,190.114,0,20.2994,0
2940,0,1.28357,0,22.4164,0,193.4,0,20.5561,0
2960,0,1.32391,0,22.6057,0,195.99,0,20.7365,0
2980,0,1.43437,0,23.1442,0,199.784,0,21.0719,0
3000,0,1.40683,0,23.069,0,201.411,0,21.2738,0
3020,0,1.59705,0,23.8984,0,207.168,0,21.8969,0
3040,0,1.55294,0,23.979,0,210.483,0,22.1981,0
3060,0,1.49701,0,24.0517,0,214.805,0,22.6974,0
3080,0,1.69915,0,24.8872,0,220.515,0,23.3382,0
3100,0,1.76454,0,25.0309,0,223.688,0,23.7548,0
3120,0,1.68261,0,24.9183,0,224.052,0,24.3616,0
3140,0,1.77947,0,25.4092,0,233.82,0,25.0007,0
3160,0,1.84559,0,25.6008,0,239.665,0,25.5478,0
3180,0,1.97476,0,26.1647,0,246.752,0,26.3076,0
3200,0,2.05097,0,26.6713,0,255.414,0,27.4113,0
3220,0,2.13885,0,27.0388,0,261.777,0,28.3011,0
3240,0,2.03624,0,26.5728,0,264.285,0,27.9776,0
3260,0,2.12905,0,27.0011,0,268.24,0,28.874,0
3280,0,2.21011,0,27.3419,0,272.552,0,29.2984,0
3300,0,2.42768,0,28.3389,0,281.561,0,30.3493,0
3320,0,2.40165,0,28.4851,0,287.495,0,31.0461,0
3340,0,2.559,0,29.4135,0,295.35,0,31.8135,0
3360,0,2.50044,0,29.4027,0,300.272,0,32.3094,0
3380,0,2.56585,0,30.1758,0,309.672,0,33.116,0
3400,0,2.7011,0,30.6832,0,311.655,0,33.1151,0
3420,0,2.48303,0,29.835,0,314.456,0,33.486,0
3440,0,2.72128,0,31.4059,0,324.758,0,34.6229,0
3460,0,2.80332,0,31.9803,0,331.618,0,35.2999,0
3480,0,2.94376,0,32.5561,0,340.201,0,35.9923,0
3500,0,3.02401,0,33.1758,0,350.618,0,37.2221,0
3520,0,3.09584,0,33.7912,0,360.387,0,38.5384,0
3540,0,3.67762,0,36.5865,0,377.743,0,40.8118,0
3560,0,3.77694,0,37.4489,0,392.965,0,42.8822,0
3580,0,4.09504,0,39.7113,0,413.507,0,45.7773,0
3600,0,4.18744,0,40.8114,0,431.544,0,48.2412,0
3620,0,5.00216,0,44.538,0,449.521,0,50.6862,0
3640,0,4.49442,0,43.1111,0,455.46,0,51.8261,0
3660,0,5.19544,0,46.0046,0,466.587,0,53.3904,0
3680,0,5.42512,0,47.0308,0,473.71,0,54.1745,0
3700,0,6.12476,0,50.9528,0,498.19,0,56.7435,0
3720,0,6.1471,0,51.4062,0,515.276,0,59.3717,0
3740,0,6.82955,0,55.301,0,541.96,0,63.2166,0
3760,0,6.87858,0,56.6543,0,562.879,0,66.3461,0
3780,0,6.56497,0,56.4665,0,584.549,0,69.1355,0
3800,0,7.02224,0,59.3588,0,605.022,0,72.2827,0
3820,0,8.6841,0,67.2067,0,636.528,0,76.5851,0
3840,0,9.16578,0,70.7938,0,661.975,0,79.8381,0
3860,0,8.82801,0,70.2091,0,678.232,0,83.2914,0
3880,0,10.2383,0,79.9648,0,727.986,0,89.54,0
3900,0,10.046,0,78.9267,0,748.42,0,92.614,0
3920,0,10.0502,0,82.2938,0,810.651,0,98.4495,0
3940,0,10.5273,0,86.5236,0,861.129,0,104.916,0
3960,0,11.5245,0,93.0169,0,909.553,0,109.46,0
3980,0,11.2682,0,92.8023,0,929.551,0,113.924,0
4000,0,12.1452,0,98.5307,0,993.136,0,124.303,0
4020,0,11.1629,0,95.786,0,1058.33,0,133.78,0
4040,0,14.0174,0,110.333,0,1136,0,142.472,0
4060,0,14.6654,0,113.46,0,1173.54,0,148.942,0
4080,0,15.9911,0,120.998,0,1244.02,0,158.624,0
4100,0,19.8361,0,139.562,0,1341.32,0,171.354,0
4120,0,18.9612,0,133.551,0,1378.07,0,172.647,0
4140,0,19.8707,0,142.704,0,1415.52,0,180.959,0
4160,0,24.5051,0,168.169,0,1572.03,0,197.534,0
4180,0,26.127,0,180.615,0,1701.58,0,219.09,0
4200,0,28.2921,0,193.41,0,1812.84,0,229.607,0
4220,0,29.233,0,200.638,0,1866.3,0,241.404,0
4240,0,28.8256,0,208.546,0,1986.75,0,254.256,0
4260,0,27.5368,0,207.621,0,2044.69,0,258.088,0
4280,0,25.8889,0,209.141,0,2170.65,0,262.09,0
4300,0,24.0831,0,209.004,0,2259.18,0,279.594,0
4320,0,25.2304,0,221.388,0,2460.4,0,303.395,0
4340,0,24.8291,0,226.884,0,2612.19,0,319.205,0
4360,0,24.1826,0,231.36,0,2721.55,0,329.485,0
4380,0,22.9906,0,238.119,0,2916.6,0,348.045,0
4400,0,22.8435,0,246.662,0,3105.66,0,357.408,0
4420,0,22.8405,0,251.013,0,3264.1,0,375.832,0
4440,0,22.8548,0,256.721,0,3439.86,0,383.027,0
4460,0,22.7817,0,262.675,0,3488.11,0,386.983,0
4480,0,23.1536,0,272.951,0,3700.56,0,389.318,0
4500,0,22.483,0,280.414,0,3825.06,0,390.096,0
4520,0,21.9244,0,283.022,0,4044.46,0,403.871,0
4540,0,20.1052,0,285.718,0,4171.35,0,404.713,0
4560,0,20.4582,0,285.355,0,4209.79,0,399.794,0
4580,0,19.0068,0,280.682,0,4208.92,0,397.319,0
4600,0,17.5947,0,274.449,0,4290.98,0,398.828,0
4620,0,16.8551,0,266.954,0,4322.76,0,389.094,0
4640,0,16.6899,0,257.66,0,4367.75,0,389.514,0
4660,0,16.7147,0,257.794,0,4325.33,0,383.793,0
4680,0,17.1839,0,258.097,0,4361.4,0,379.846,0
4700,0,17.7647,0,259.762,0,4344.44,0,373.349,0
4720,0,18.0076,0,255.671,0,4345.27,0,373.888,0
4740,0,18.1613,0,262.801,0,4370.57,0,370.926,0
4760,0,18.0824,0,265.324,0,4309.9,0,361.458,0
4780,0,18.0656,0,272.427,0,4336.37,0,367.904,0
4800,0,17.7087,0,272.854,0,4347.93,0,370.05,0
4820,0,17.3577,0,264.349,0,4311.25,0,362.709,0
4840,0,17.1832,0,260.862,0,4266.22,0,355.177,0
4860,0,17.2942,0,263.557,0,4266.03,0,356.818,0
4880,0,16.8241,0,261.005,0,4260.27,0,353.236,0
4900,0,16.9832,0,257.714,0,4272.05,0,350.685,0
4920,0,17.6149,0,261.782,0,4299.74,0,351.056,0
4940,0,18.3135,0,267.137,0,4289.98,0,342.116,0
4960,0,18.6492,0,267.425,0,4335.3,0,348.72,0
4980,0,18.7203,0,267.05,0,4333.31,0,346.44,0
5000,0,18.5643,0,262.404,0,4297.58,0,340.613,0
5020,0,18.2251,0,263.243,0,4311.02,0,338.029,0
5040,0,17.5188,0,261.152,0,4236.15,0,331.438,0
5060,0,16.7241,0,254.83,0,4169.21,0,323.66,0
5080,0,16.0339,0,250.695,0,4222.76,0,324.493,0
5100,0,15.5021,0,248.705,0,4207.71,0,321.589,0
5120,0,15.5448,0,254.077,0,4189.5,0,319.265,0
5140,0,15.5341,0,257.074,0,4188.55,0,317.625,0
5160,0,15.2654,0,251.756,0,4199.88,0,318.293,0
5180,0,14.996,0,251.482,0,4228.27,0,320.113,0
5200,0,14.9541,0,250.762,0,4190.29,0,318.814,0
5220,0,15.4875,0,261.549,0,4196.65,0,317.533,0
5240,0,15.4772,0,262.336,0,4188.27,0,314.068,0
5260,0,15.4966,0,260.804,0,4193.88,0,312.427,0
5280,0,15.8008,0,260.725,0,4175.91,0,310.218,0
5300,0,16.2456,0,262.221,0,4154.97,0,310.01,0
5320,0,16.4862,0,270.241,0,4211.36,0,313.049,0
5340,0,16.2665,0,273.478,0,4218.27,0,311.068,0
5360,0,15.9213,0,268.25,0,4190.22,0,306.198,0
5380,0,15.7916,0,262.781,0,4186.68,0,304.877,0
5400,0,15.9207,0,259.819,0,4175.97,0,303.426,0
5420,0,16.5638,0,265.612,0,4218.41,0,304.942,0
5440,0,16.5407,0,264.591,0,4207.31,0,305.829,0
5460,0,17.0072,0,269.631,0,4225.79,0,303.014,0
5480,0,16.9952,0,266.606,0,4195.8,0,298.335,0
5500,0,17.4195,0,267.742,0,4262.32,0,300.803,0
5520,0,17.2628,0,272.268,0,4244.46,0,298.273,0
5540,0,17.3998,0,277.301,0,4252.17,0,297.791,0
5560,0,17.5244,0,279.373,0,4264.58,0,297.832,0
5580,0,17.0524,0,276.722,0,4280.17,0,294.152,0
5600,0,16.9322,0,280.753,0,4312.3,0,293.534,0
5620,0,16.5968,0,277.706,0,4308.57,0,295.1,0
5640,0,16.3828,0,266.843,0,4303.13,0,295.541,0
5660,0,16.1711,0,266.579,0,4298.61,0,291.955,0
5680,0,15.618,0,263.727,0,4304.8,0,288.328,0
5700,0,15.3912,0,261.178,0,4300.04,0,288.272,0
5720,0,15.1827,0,263.731,0,4335.59,0,290.545,0
5740,0,15.2035,0,268.347,0,4354.56,0,291.368,0
5760,0,15.0374,0,262.915,0,4328.99,0,291.294,0
5780,0,14.9876,0,259.881,0,4285.88,0,288.853,0
5800,0,14.9131,0,258.182,0,4281.06,0,285.407,0
5820,0,14.7379,0,259.028,0,4272.92,0,283.593,0
5840,0,14.6823,0,263.279,0,4281.1,0,283.528,0
5860,0,14.3728,0,257.782,0,4225.26,0,279.532,0
5880,0,14.484,0,254.141,0,4198.27,0,278.795,0
5900,0,14.5683,0,258.265,0,4234.67,0,278.26,0
5920,0,14.8352,0,261.071,0,4243.44,0,277.239,0
5940,0,15.2873,0,263.428,0,4253.28,0,278.09,0
5960,0,15.4013,0,263.203,0,4268.61,0,278.836,0
5980,0,15.1343,0,260.301,0,4239.07,0,275.229,0
6000,0,15.1298,0,264.037,0,4239.91,0,275.258,0
6020,0,15.241,0,259.378,0,4215.77,0,273.454,0
6040,0,15.1803,0,252.384,0,4170.5,0,270.479,0
6060,0,15.8654,0,261.686,0,4217.39,0,272.889,0
6080,0,15.7689,0,260.91,0,4256.62,0,274.507,0
6100,0,15.5955,0,259.372,0,4274.42,0,274.018,0
6120,0,15.4048,0,264.312,0,4195.66,0,274.701,0
6140,0,15.3028,0,264.809,0,4297.47,0,273.461,0
6160,0,15.0374,0,264.653,0,4337.3,0,275.388,0
6180,0,14.7072,0,266.266,0,4360.02,0,277.607,0
6200,0,14.8122,0,264.374,0,4326.5,0,277.263,0
6220,0,14.9135,0,264.168,0,4291.65,0,274.671,0
6240,0,14.9988,0,269.5,0,4285.92,0,273.167,0
6260,0,14.889,0,273.622,0,4284.66,0,271.858,0
6280,0,14.2599,0,268.69,0,4262.81,0,270.66,0
6300,0,13.7078,0,265.773,0,4268.08,0,270.025,0
6320,0,13.0754,0,256.383,0,4286.25,0,258.261,0
6340,0,12.7252,0,258.176,0,4319.14,0,272.488,0
6360,0,12.883,0,261.2,0,4355.74,0,273.912,0
6380,0,13.4026,0,267.928,0,4391.86,0,274.497,0
6400,0,13.5883,0,269.171,0,4388.94,0,271.877,0
6420,0,13.9136,0,266.457,0,4390.86,0,271.846,0
6440,0,13.7955,0,268.277,0,4446.49,0,276.01,0
6460,0,13.5564,0,266.355,0,4426.6,0,274.417,0
6480,0,13.5215,0,265.934,0,4450.97,0,278.183,0
6500,0,13.6529,0,265.698,0,4441.9,0,278.582,0
6520,0,13.6824,0,267.382,0,4411.27,0,273.772,0
6540,0,13.3995,0,267.456,0,4378.92,0,270.582,0
6560,0,13.2022,0,268.337,0,4398.72,0,272.175,0
6580,0,13.2065,0,266.268,0,4367.48,0,269.993,0
6600,0,12.7807,0,257.314,0,4330.84,0,268.369,0
6620,0,12.8793,0,263.339,0,4361.78,0,269.717,0
6640,0,12.9989,0,266.954,0,4382.75,0,271.556,0
6660,0,12.9487,0,257.765,0,4338.62,0,270.607,0
6680,0,13.2873,0,262.906,0,4364.53,0,271.736,0
6700,0,13.5034,0,253.369,0,4356.37,0,269.538,0
6720,0,13.6385,0,268.431,0,4318.46,0,265.148,0
6740,0,13.6276,0,268.117,0,4318.88,0,264.102,0
6760,0,13.7307,0,267.04,0,4352.32,0,267.759,0
6780,0,13.5544,0,263.842,0,4348.32,0,268.027,0
6800,0,13.4801,0,263.261,0,4334.4,0,263.82,0
6820,0,13.369,0,263.302,0,4342.47,0,259.749,0
6840,0,13.1493,0,260.181,0,4354.96,0,260.056,0
6860,0,12.9375,0,257.033,0,4342.31,0,260.23,0
6880,0,13.0875,0,262.53,0,4365.77,0,263.258,0
6900,0,13.0556,0,264.139,0,4358.13,0,261.95,0
6920,0,12.7039,0,261.803,0,4328.93,0,259.89,0
6940,0,12.2684,0,258.82,0,4312.82,0,259.373,0
6960,0,12.0344,0,256.995,0,4315.92,0,259.406,0
6980,0,11.8305,0,254.569,0,4315.24,0,260.6,0
7000,0,11.4019,0,254.493,0,4272.35,0,256.975,0
7020,0,11.44,0,256.309,0,4311.87,0,258.437,0
7040,0,11.6212,0,257.112,0,4353.79,0,261.016,0
7060,0,11.6797,0,254.375,0,4337.69,0,259.145,0
7080,0,11.9647,0,254.908,0,4327.37,0,257.752,0
7100,0,12.1907,0,257.933,0,4373.69,0,260.948,0
7120,0,12.1908,0,259.554,0,4346.11,0,258.936,0
7140,0,12.0471,0,261.867,0,4377.78,0,259.398,0
7160,0,11.6739,0,252.801,0,4348.26,0,258.067,0
7180,0,11.6651,0,249.201,0,4322.16,0,257.026,0
7200,0,11.9519,0,250.931,0,4323.11,0,257.586,0
7220,0,12.4308,0,259.307,0,4352.48,0,258.609,0
7240,0,12.4103,0,262.677,0,4342.16,0,258.212,0
7260,0,12.2794,0,262.944,0,4319.43,0,255.088,0
7280,0,12.2026,0,263.475,0,4332.44,0,255.162,0
7300,0,12.1814,0,262.409,0,4331.34,0,255.132,0
7320,0,12.3238,0,263.406,0,4332.17,0,256.932,0
7340,0,12.3575,0,260.334,0,4334.31,0,258.181,0
7360,0,12.0816,0,253.62,0,4317.69,0,257.351,0
7380,0,11.9463,0,257.505,0,4378.12,0,259.473,0
7400,0,12.0419,0,261.087,0,4412.36,0,261.519,0
7420,0,12.2333,0,265.672,0,4408.47,0,261.923,0
7440,0,12.0636,0,262.783,0,4385.7,0,257.836,0
7460,0,11.7337,0,262.39,0,4400.19,0,257.987,0
7480,0,11.6665,0,261.134,0,4350.39,0,254.842,0
7500,0,12.0402,0,256.487,0,4315.88,0,252.986,0
7520,0,12.2969,0,257.252,0,4348.98,0,255.101,0
7540,0,12.18,0,257.312,0,4338.23,0,254.6,0
7560,0,12.2023,0,262.133,0,4363.72,0,255.061,0
7580,0,12.0758,0,259.728,0,4340.83,0,253.664,0
7600,0,11.9898,0,257.722,0,4345.67,0,253.12,0
7620,0,11.8449,0,257.051,0,4354.9,0,253.863,0
7640,0,12.072,0,261.172,0,4377.29,0,255.277,0
7660,0,12.1654,0,264.08,0,4374.13,0,253.896,0
7680,0,12.3827,0,265.741,0,4399.59,0,254.286,0
7700,0,12.3571,0,266.191,0,4390.11,0,253.939,0
7720,0,12.3562,0,267.318,0,4364.22,0,252.115,0
7740,0,12.2347,0,263.816,0,4371.12,0,252.304,0
7760,0,12.0189,0,269.291,0,4382.97,0,251.577,0
7780,0,12.0814,0,276.313,0,4406.64,0,253.307,0
7800,0,11.5168,0,265.671,0,4383.35,0,252.797,0
7820,0,11.2149,0,261.128,0,4365.78,0,251.54,0
7840,0,11.4592,0,260.299,0,4360.2,0,250.933,0
7860,0,11.796,0,264.612,0,4353.03,0,248.804,0
7880,0,12.0105,0,269.673,0,4380.86,0,249.297,0
7900,0,12.1739,0,270.236,0,4394.68,0,249.919,0
7920,0,11.9204,0,263.172,0,4381.23,0,249.725,0
7940,0,11.949,0,266.4,0,4422.6,0,252.905,0
7960,0,11.9222,0,261.906,0,4385.5,0,251.036,0
7980,0,11.9155,0,250.754,0,4318.33,0,247.251,0
8000,0,12.1233,0,253.593,0,4328.7,0,248.583,0
8020,0,12.3742,0,264.693,0,4365.73,0,251.185,0
8040,0,12.3503,0,262.833,0,4347.09,0,248.581,0
8060,0,11.9309,0,257.194,0,4342.8,0,246.629,0
8080,0,11.3397,0,250.535,0,4325.97,0,245.965,0
8100,0,11.1571,0,249.313,0,4288.3,0,243.424,0
8120,0,11.0256,0,247.4,0,4227.55,0,240.151,0
8140,0,11.2005,0,253.444,0,4288.31,0,242.552,0
8160,0,10.809,0,250.287,0,4258.24,0,239.037,0
8180,0,10.8563,0,254.859,0,4283.63,0,241.871,0
8200,0,10.5753,0,254.342,0,4289.52,0,242.923,0
8220,0,10.637,0,254.169,0,4277.52,0,242.542,0
8240,0,10.7869,0,258.743,0,4288.03,0,242.45,0
8260,0,10.9235,0,262.882,0,4302.94,0,242.251,0
8280,0,10.9006,0,263.145,0,4325.54,0,242.247,0
8300,0,10.8674,0,264.382,0,4322.87,0,241.856,0
8320,0,10.8488,0,259.379,0,4334.89,0,242.26,0
8340,0,10.9696,0,259.877,0,4382.03,0,246.506,0
8360,0,11.3658,0,264.385,0,4408.1,0,249.257,0
8380,0,11.9562,0,270.832,0,4458.83,0,251.353,0
8400,0,12.2594,0,271.641,0,4435.52,0,249.372,0
8420,0,12.0051,0,264.505,0,4379.59,0,246.312,0
8440,0,11.6954,0,261.054,0,4341.72,0,245.406,0
8460,0,11.7472,0,260.571,0,4320.32,0,245.3,0
8480,0,11.8608,0,264.996,0,4327.74,0,245.808,0
8500,0,11.8437,0,263.714,0,4335.19,0,244.257,0
8520,0,11.6249,0,260.436,0,4317.89,0,242.628,0
8540,0,11.3963,0,255.073,0,4308.8,0,242.935,0
8560,0,11.0642,0,253.859,0,4317.86,0,244.728,0
8580,0,10.8255,0,254.635,0,4335.12,0,246.893,0
8600,0,10.7439,0,252.798,0,4339.83,0,247.693,0
8620,0,10.7031,0,252.258,0,4320.84,0,245.525,0
8640,0,10.8754,0,257.522,0,4342.51,0,245.917,0
8660,0,10.8502,0,258.504,0,4318.29,0,242.036,0
8680,0,10.9542,0,263.879,0,4342.83,0,241.516,0
8700,0,11.0431,0,264.404,0,4352.45,0,241.784,0
8720,0,11.1348,0,263.621,0,4326.86,0,239.428,0
8740,0,10.8524,0,260.279,0,4270.45,0,235.959,0
8760,0,10.8232,0,263.18,0,4285.33,0,237.443,0
8780,0,11.0345,0,269.794,0,4286.61,0,237.743,0
8800,0,11.2061,0,267.098,0,4276.17,0,237.568,0
8820,0,11.2099,0,264.986,0,4305.21,0,238.46,0
8840,0,11.0543,0,260.026,0,4275.42,0,236.154,0
8860,0,11.03,0,259.757,0,4302.83,0,236.962,0
8880,0,11.0837,0,259.292,0,4291.76,0,235.106,0
8900,0,11.1956,0,264.239,0,4301.49,0,232.58,0
8920,0,11.0411,0,263.889,0,4291.81,0,230.903,0
8940,0,11.1301,0,264.552,0,4304.17,0,232.926,0
8960,0,11.1656,0,265.781,0,4319.06,0,235.45,0
8980,0,11.038,0,261.773,0,4313.41,0,235.635,0
9000,0,10.8991,0,259.486,0,4305.01,0,235.623,0
9020,0,10.6854,0,257.956,0,4323.97,0,236.918,0
9040,0,10.8403,0,260.727,0,4325.77,0,236.264,0
9060,0,10.952,0,262.084,0,4286.51,0,233.773,0
9080,0,10.9915,0,262.837,0,4286.35,0,234.91,0
9100,0,10.6414,0,263.762,0,4283.2,0,234.644,0
9120,0,10.3496,0,264.882,0,4309.81,0,235.547,0
9140,0,10.2621,0,267.199,0,4348.91,0,236.913,0
9160,0,9.8762,0,264.467,0,4351.55,0,236.708,0
9180,0,9.84356,0,259.618,0,4348.69,0,238.096,0
9200,0,9.84467,0,256.825,0,4344.38,0,241.036,0
9220,0,9.90707,0,253.695,0,4330.58,0,241.59,0
9240,0,9.75223,0,250.724,0,4308.3,0,239.167,0
9260,0,10.0568,0,262.413,0,4330.29,0,238.188,0
9280,0,9.93275,0,263.012,0,4319.22,0,234.649,0
9300,0,9.63585,0,261.572,0,4307.82,0,232.891,0
9320,0,9.81993,0,272.072,0,4345.54,0,235.22,0
9340,0,9.86254,0,274.614,0,4384.99,0,237.931,0
9360,0,9.52271,0,260.333,0,4346.02,0,236.367,0
9380,0,9.50528,0,252.741,0,4328.59,0,234.757,0
9400,0,9.67929,0,250.139,0,4278.24,0,230.998,0
9420,0,9.89908,0,254.043,0,4264.08,0,231.02,0
9440,0,10.0645,0,256.966,0,4275.5,0,233.281,0
9460,0,10.0214,0,258.531,0,4294.99,0,235.594,0
9480,0,9.97726,0,261.595,0,4342.49,0,237.355,0
9500,0,9.98247,0,260.782,0,4330.88,0,233.913,0
9520,0,10.0062,0,259.59,0,4310.89,0,231.454,0
9540,0,10.0169,0,260.222,0,4303.49,0,231.216,0
9560,0,10.1071,0,261.696,0,4317.2,0,233.339,0
9580,0,10.2038,0,264.531,0,4298.76,0,233.279,0
9600,0,10.1805,0,267.103,0,4309.3,0,234.268,0
9620,0,9.88922,0,261.709,0,4329.75,0,236.474,0
9640,0,9.84639,0,259.822,0,4330.66,0,236.272,0
9660,0,9.94465,0,259.257,0,4318.6,0,232.745,0
9680,0,10.3176,0,266.303,0,4240.82,0,230.985,0
9700,0,10.3291,0,268.138,0,4349.56,0,232.393,0
9720,0,10.2544,0,262.269,0,4216.86,0,230.406,0
9740,0,10.3875,0,259.381,0,4301.71,0,230.434,0
9760,0,10.53,0,263.707,0,4366.53,0,233.762,0
9780,0,10.3416,0,259.867,0,4338.93,0,230.858,0
9800,0,10.4183,0,260.133,0,4328.16,0,229.714,0
9820,0,10.413,0,257.895,0,4332.43,0,231.077,0
9840,0,10.0941,0,256.276,0,4349.36,0,234.283,0
9860,0,10.2256,0,262.555,0,4340.32,0,233.989,0
9880,0,10.4268,0,267.058,0,4360.43,0,233.389,0
9900,0,10.317,0,263.855,0,4334.32,0,230.036,0
9920,0,10.1886,0,259.549,0,4316.31,0,228.402,0
9940,0,10.3307,0,259.66,0,4333.58,0,229.306,0
9960,0,10.5088,0,262.596,0,4338.19,0,230.27,0
9980,0,10.6265,0,263.124,0,4336.3,0,228.972,0
10000,0,10.702,0,267.188,0,4341.74,0,229.88,0
